AB : 142,144,145,147,148,151,152,155,156,161,162,169,170,173,174,175,180,181,183,184,186,190,194,195,196,199,200,203,204,206,207
OD : 157,158,163,168,

Problem Solving :
1) Pattern 1:
n = 5
1 1 1 1 1
2 2 2 2 2
3 3 3 3 3
4 4 4 4 4
5 5 5 5 5

n=7
1 1 1 1 1 1 1
2 2 2 2 2 2 2
3 3 3 3 3 3 3
4 4 4 4 4 4 4
5 5 5 5 5 5 5
6 6 6 6 6 6 6 
7 7 7 7 7 7 7


2) Pattern 2
n = 5
         5
       4 5
     3 4 5
   2 3 4 5
 1 2 3 4 5

n= 7
            7
          6 7
        5 6 7
      4 5 6 7
    3 4 5 6 7
  2 3 4 5 6 7
1 2 3 4 5 6 7   


3) Pattern 3:
n = 5
        1 1 
      2 1 1 2
    3 2 1 1 2 3
  4 3 2 1 1 2 3 4
5 4 3 2 1 1 2 3 4 5